version https://git-lfs.github.com/spec/v1
oid sha256:c45af65588f207ff71a6262ae4f7b021ed826463a2f55b76c390a7f84c83e30a
size 764
